|XMD_004A#0000#00000000|
INFO info
{
	user "marco"
	host "DESKTOP-74H24LO"
	texture_file "none"
	format_version XMD_004A
	send_bug_reports_to support@naturalmotion.com
	application "MorphemeEditor 1.2.1"
	original_file "$(RootDir)\motion_xmd\a75_01_7180_Wep01_StartUp_09_In.xmd"
	date 25/10/3924
	time 17.20:15
}
JOINT Character
{
	id 1
	visible	1
	scale_pivot	0 0 0
	rotate_pivot	0 0 0
	min_bound	0 0 0
	max_bound	0 0 0
	scale	1 1 1
	translate	0 0 0
	rotation_orient	0 0 0 1
	rotation	0 0 0 1
	joint_orient	0 0 0 1
	bind_pose_matrix
		1 0 0 0
		0 1 0 0
		0 0 1 0
		0 0 0 1
	rotation_order xyz
	inherits_transform 1
	shearing 0 0 0
	rotate_pivot_translate	0 0 0
	scale_pivot_translate	0 0 0
	translate_limit_x -INF +INF
	translate_limit_y -INF +INF
	translate_limit_z -INF +INF
	rotate_limit_x -INF +INF
	rotate_limit_y -INF +INF
	rotate_limit_z -INF +INF
	scale_limit_x -INF +INF
	scale_limit_y -INF +INF
	scale_limit_z -INF +INF
	parent 0
	child_joints 2
		2 3 
	INSTANCE_LIST
	{
	}
	segment_scale_compensate 1
}
JOINT Head
{
	id 27
	visible	1
	scale_pivot	0 0 0
	rotate_pivot	0 0 0
	min_bound	0 0 0
	max_bound	0 0 0
	scale	1 1 1
	translate	0.121883 0 -0
	rotation_orient	0 0 0 1
	rotation	0 1e-06 0.472107 0.881541
	joint_orient	0 0 0 1
	bind_pose_matrix
		0.55423 0.832363 -1.76308e-06 0
		-0.832363 0.55423 9.44214e-07 0
		1.76308e-06 9.44214e-07 1 0
		0.121883 0 -0 1
	rotation_order xyz
	inherits_transform 1
	shearing 0 0 0
	rotate_pivot_translate	0 0 0
	scale_pivot_translate	0 0 0
	translate_limit_x -INF +INF
	translate_limit_y -INF +INF
	translate_limit_z -INF +INF
	rotate_limit_x -INF +INF
	rotate_limit_y -INF +INF
	rotate_limit_z -INF +INF
	scale_limit_x -INF +INF
	scale_limit_y -INF +INF
	scale_limit_z -INF +INF
	parent 26
	child_joints 13
		28 32 33 34 35 36 37 38 39 40 41 42 43 
	INSTANCE_LIST
	{
	}
	segment_scale_compensate 1
}
JOINT Joe
{
	id 28
	visible	1
	scale_pivot	0 0 0
	rotate_pivot	0 0 0
	min_bound	0 0 0
	max_bound	0 0 0
	scale	1 1 1
	translate	0.033943 0.057028 -0
	rotation_orient	0 0 0 1
	rotation	0 0 0.174574 0.984644
	joint_orient	0 0 0 1
	bind_pose_matrix
		0.939048 0.343786 0 0
		-0.343786 0.939048 0 0
		0 0 1 0
		0.033943 0.057028 -0 1
	rotation_order xyz
	inherits_transform 1
	shearing 0 0 0
	rotate_pivot_translate	0 0 0
	scale_pivot_translate	0 0 0
	translate_limit_x -INF +INF
	translate_limit_y -INF +INF
	translate_limit_z -INF +INF
	rotate_limit_x -INF +INF
	rotate_limit_y -INF +INF
	rotate_limit_z -INF +INF
	scale_limit_x -INF +INF
	scale_limit_y -INF +INF
	scale_limit_z -INF +INF
	parent 27
	child_joints 1
		29 
	INSTANCE_LIST
	{
	}
	segment_scale_compensate 1
}
JOINT L_B_Leg_1
{
	id 5
	visible	1
	scale_pivot	0 0 0
	rotate_pivot	0 0 0
	min_bound	0 0 0
	max_bound	0 0 0
	scale	1 1 1
	translate	0.002425 -0.008565 0.085221
	rotation_orient	0 0 0 1
	rotation	0.682114 0.728581 0.055828 0.027804
	joint_orient	0 0 0 1
	bind_pose_matrix
		-0.0678941 0.997055 0.0356472 0
		0.990846 0.0632074 0.119281 0
		0.116677 0.0434195 -0.99222 0
		0.002425 -0.008565 0.085221 1
	rotation_order xyz
	inherits_transform 1
	shearing 0 0 0
	rotate_pivot_translate	0 0 0
	scale_pivot_translate	0 0 0
	translate_limit_x -INF +INF
	translate_limit_y -INF +INF
	translate_limit_z -INF +INF
	rotate_limit_x -INF +INF
	rotate_limit_y -INF +INF
	rotate_limit_z -INF +INF
	scale_limit_x -INF +INF
	scale_limit_y -INF +INF
	scale_limit_z -INF +INF
	parent 4
	child_joints 1
		6 
	INSTANCE_LIST
	{
	}
	segment_scale_compensate 1
}
JOINT L_B_Leg_2
{
	id 6
	visible	1
	scale_pivot	0 0 0
	rotate_pivot	0 0 0
	min_bound	0 0 0
	max_bound	0 0 0
	scale	1 1 1
	translate	0.162674 0 0
	rotation_orient	0 0 0 1
	rotation	0.04498 -0.028372 -0.349937 0.935263
	joint_orient	0 0 0 1
	bind_pose_matrix
		0.753478 -0.657119 0.0215902 0
		0.652014 0.751042 0.103993 0
		-0.0845509 -0.0642794 0.994344 0
		0.162674 0 0 1
	rotation_order xyz
	inherits_transform 1
	shearing 0 0 0
	rotate_pivot_translate	0 0 0
	scale_pivot_translate	0 0 0
	translate_limit_x -INF +INF
	translate_limit_y -INF +INF
	translate_limit_z -INF +INF
	rotate_limit_x -INF +INF
	rotate_limit_y -INF +INF
	rotate_limit_z -INF +INF
	scale_limit_x -INF +INF
	scale_limit_y -INF +INF
	scale_limit_z -INF +INF
	parent 5
	child_joints 1
		7 
	INSTANCE_LIST
	{
	}
	segment_scale_compensate 1
}
JOINT L_B_Leg_Ankle
{
	id 7
	visible	1
	scale_pivot	0 0 0
	rotate_pivot	0 0 0
	min_bound	0 0 0
	max_bound	0 0 0
	scale	1 1 1
	translate	0.127589 -0 -0
	rotation_orient	0 0 0 1
	rotation	-0.011173 0.014112 0.512567 0.858459
	joint_orient	0 0 0 1
	bind_pose_matrix
		0.474152 0.87972 -0.035683 0
		-0.880351 0.474301 -0.00471643 0
		0.0127753 0.0336498 0.999352 0
		0.127589 -0 -0 1
	rotation_order xyz
	inherits_transform 1
	shearing 0 0 0
	rotate_pivot_translate	0 0 0
	scale_pivot_translate	0 0 0
	translate_limit_x -INF +INF
	translate_limit_y -INF +INF
	translate_limit_z -INF +INF
	rotate_limit_x -INF +INF
	rotate_limit_y -INF +INF
	rotate_limit_z -INF +INF
	scale_limit_x -INF +INF
	scale_limit_y -INF +INF
	scale_limit_z -INF +INF
	parent 6
	child_joints 1
		8 
	INSTANCE_LIST
	{
	}
	segment_scale_compensate 1
}
JOINT L_B_Leg_Finger11
{
	id 8
	visible	1
	scale_pivot	0 0 0
	rotate_pivot	0 0 0
	min_bound	0 0 0
	max_bound	0 0 0
	scale	1 1 1
	translate	0.127026 0.015417 -0.001203
	rotation_orient	0 0 0 1
	rotation	0.026745 -0.02568 0.594199 0.803463
	joint_orient	0 0 0 1
	bind_pose_matrix
		0.292536 0.95346 0.0730496 0
		-0.956207 0.292424 0.0124592 0
		-0.00948215 -0.0734953 0.99725 0
		0.127026 0.015417 -0.001203 1
	rotation_order xyz
	inherits_transform 1
	shearing 0 0 0
	rotate_pivot_translate	0 0 0
	scale_pivot_translate	0 0 0
	translate_limit_x -INF +INF
	translate_limit_y -INF +INF
	translate_limit_z -INF +INF
	rotate_limit_x -INF +INF
	rotate_limit_y -INF +INF
	rotate_limit_z -INF +INF
	scale_limit_x -INF +INF
	scale_limit_y -INF +INF
	scale_limit_z -INF +INF
	parent 7
	child_joints 0
	INSTANCE_LIST
	{
	}
	segment_scale_compensate 1
}
JOINT L_Ear
{
	id 32
	visible	1
	scale_pivot	0 0 0
	rotate_pivot	0 0 0
	min_bound	0 0 0
	max_bound	0 0 0
	scale	1 1 1
	translate	0.007713 -0.058939 0.047179
	rotation_orient	0 0 0 1
	rotation	0.7286 -0.568063 0.230613 0.305392
	joint_orient	0 0 0 1
	bind_pose_matrix
		0.248244 -0.686927 0.683013 0
		-0.968636 -0.168081 0.183012 0
		-0.0109145 -0.707023 -0.707107 0
		0.007713 -0.058939 0.047179 1
	rotation_order xyz
	inherits_transform 1
	shearing 0 0 0
	rotate_pivot_translate	0 0 0
	scale_pivot_translate	0 0 0
	translate_limit_x -INF +INF
	translate_limit_y -INF +INF
	translate_limit_z -INF +INF
	rotate_limit_x -INF +INF
	rotate_limit_y -INF +INF
	rotate_limit_z -INF +INF
	scale_limit_x -INF +INF
	scale_limit_y -INF +INF
	scale_limit_z -INF +INF
	parent 27
	child_joints 0
	INSTANCE_LIST
	{
	}
	segment_scale_compensate 1
}
JOINT L_Eye
{
	id 38
	visible	1
	scale_pivot	0 0 0
	rotate_pivot	0 0 0
	min_bound	0 0 0
	max_bound	0 0 0
	scale	1 1 1
	translate	0.076021 -0.00338 0.02894
	rotation_orient	0 0 0 1
	rotation	0 -0.130526 0 0.991445
	joint_orient	0 0 0 1
	bind_pose_matrix
		0.965926 0 0.258819 0
		-0 1 0 0
		-0.258819 -0 0.965926 0
		0.076021 -0.00338 0.02894 1
	rotation_order xyz
	inherits_transform 1
	shearing 0 0 0
	rotate_pivot_translate	0 0 0
	scale_pivot_translate	0 0 0
	translate_limit_x -INF +INF
	translate_limit_y -INF +INF
	translate_limit_z -INF +INF
	rotate_limit_x -INF +INF
	rotate_limit_y -INF +INF
	rotate_limit_z -INF +INF
	scale_limit_x -INF +INF
	scale_limit_y -INF +INF
	scale_limit_z -INF +INF
	parent 27
	child_joints 0
	INSTANCE_LIST
	{
	}
	segment_scale_compensate 1
}
JOINT L_EyelidtheLo
{
	id 43
	visible	1
	scale_pivot	0 0 0
	rotate_pivot	0 0 0
	min_bound	0 0 0
	max_bound	0 0 0
	scale	1 1 1
	translate	0.076021 -0.00338 0.02894
	rotation_orient	0 0 0 1
	rotation	0.10956 -0.316499 0.228025 0.914237
	joint_orient	0 0 0 1
	bind_pose_matrix
		0.695666 0.347587 0.628675 0
		-0.486289 0.872002 0.0559883 0
		-0.528745 -0.344667 0.77565 0
		0.076021 -0.00338 0.02894 1
	rotation_order xyz
	inherits_transform 1
	shearing 0 0 0
	rotate_pivot_translate	0 0 0
	scale_pivot_translate	0 0 0
	translate_limit_x -INF +INF
	translate_limit_y -INF +INF
	translate_limit_z -INF +INF
	rotate_limit_x -INF +INF
	rotate_limit_y -INF +INF
	rotate_limit_z -INF +INF
	scale_limit_x -INF +INF
	scale_limit_y -INF +INF
	scale_limit_z -INF +INF
	parent 27
	child_joints 0
	INSTANCE_LIST
	{
	}
	segment_scale_compensate 1
}
JOINT L_EyelidtheUp
{
	id 40
	visible	1
	scale_pivot	0 0 0
	rotate_pivot	0 0 0
	min_bound	0 0 0
	max_bound	0 0 0
	scale	1 1 1
	translate	0.076021 -0.00338 0.02894
	rotation_orient	0 0 0 1
	rotation	0.243324 -0.230148 -0.219888 0.916229
	joint_orient	0 0 0 1
	bind_pose_matrix
		0.797362 -0.514937 0.314728 0
		0.290934 0.784885 0.547095 0
		-0.528745 -0.344667 0.775651 0
		0.076021 -0.00338 0.02894 1
	rotation_order xyz
	inherits_transform 1
	shearing 0 0 0
	rotate_pivot_translate	0 0 0
	scale_pivot_translate	0 0 0
	translate_limit_x -INF +INF
	translate_limit_y -INF +INF
	translate_limit_z -INF +INF
	rotate_limit_x -INF +INF
	rotate_limit_y -INF +INF
	rotate_limit_z -INF +INF
	scale_limit_x -INF +INF
	scale_limit_y -INF +INF
	scale_limit_z -INF +INF
	parent 27
	child_joints 0
	INSTANCE_LIST
	{
	}
	segment_scale_compensate 1
}
JOINT L_F_Leg_1
{
	id 17
	visible	1
	scale_pivot	0 0 0
	rotate_pivot	0 0 0
	min_bound	0 0 0
	max_bound	0 0 0
	scale	1 1 1
	translate	0.009054 -0.025057 0.099535
	rotation_orient	0 0 0 1
	rotation	0.548878 0.835641 -0.008927 0.018927
	joint_orient	0 0 0 1
	bind_pose_matrix
		-0.396751 0.916992 -0.041432 0
		0.917668 0.397306 0.00585769 0
		0.0218327 -0.0356968 -0.999126 0
		0.009054 -0.025057 0.099535 1
	rotation_order xyz
	inherits_transform 1
	shearing 0 0 0
	rotate_pivot_translate	0 0 0
	scale_pivot_translate	0 0 0
	translate_limit_x -INF +INF
	translate_limit_y -INF +INF
	translate_limit_z -INF +INF
	rotate_limit_x -INF +INF
	rotate_limit_y -INF +INF
	rotate_limit_z -INF +INF
	scale_limit_x -INF +INF
	scale_limit_y -INF +INF
	scale_limit_z -INF +INF
	parent 16
	child_joints 1
		18 
	INSTANCE_LIST
	{
	}
	segment_scale_compensate 1
}
JOINT L_F_Leg_2
{
	id 18
	visible	1
	scale_pivot	0 0 0
	rotate_pivot	0 0 0
	min_bound	0 0 0
	max_bound	0 0 0
	scale	1 1 1
	translate	0.176536 -0 0
	rotation_orient	0 0 0 1
	rotation	-0.009772 -0.009471 0.062087 0.997978
	joint_orient	0 0 0 1
	bind_pose_matrix
		0.992111 0.124108 0.0176903 0
		-0.123738 0.992099 -0.0206805 0
		-0.0201171 0.0183284 0.99963 0
		0.176536 -0 0 1
	rotation_order xyz
	inherits_transform 1
	shearing 0 0 0
	rotate_pivot_translate	0 0 0
	scale_pivot_translate	0 0 0
	translate_limit_x -INF +INF
	translate_limit_y -INF +INF
	translate_limit_z -INF +INF
	rotate_limit_x -INF +INF
	rotate_limit_y -INF +INF
	rotate_limit_z -INF +INF
	scale_limit_x -INF +INF
	scale_limit_y -INF +INF
	scale_limit_z -INF +INF
	parent 17
	child_joints 1
		19 
	INSTANCE_LIST
	{
	}
	segment_scale_compensate 1
}
JOINT L_F_Leg_Ankle
{
	id 19
	visible	1
	scale_pivot	0 0 0
	rotate_pivot	0 0 0
	min_bound	0 0 0
	max_bound	0 0 0
	scale	1 1 1
	translate	0.145822 0 0
	rotation_orient	0 0 0 1
	rotation	0.022008 0.040038 0.214069 0.975749
	joint_orient	0 0 0 1
	bind_pose_matrix
		0.905143 0.419518 -0.0687116 0
		-0.415993 0.90738 0.0600904 0
		0.0875565 -0.0258068 0.995825 0
		0.145822 0 0 1
	rotation_order xyz
	inherits_transform 1
	shearing 0 0 0
	rotate_pivot_translate	0 0 0
	scale_pivot_translate	0 0 0
	translate_limit_x -INF +INF
	translate_limit_y -INF +INF
	translate_limit_z -INF +INF
	rotate_limit_x -INF +INF
	rotate_limit_y -INF +INF
	rotate_limit_z -INF +INF
	scale_limit_x -INF +INF
	scale_limit_y -INF +INF
	scale_limit_z -INF +INF
	parent 18
	child_joints 1
		20 
	INSTANCE_LIST
	{
	}
	segment_scale_compensate 1
}
JOINT L_F_Leg_Finger11
{
	id 20
	visible	1
	scale_pivot	0 0 0
	rotate_pivot	0 0 0
	min_bound	0 0 0
	max_bound	0 0 0
	scale	1 1 1
	translate	0.076031 -0.002674 -0.001752
	rotation_orient	0 0 0 1
	rotation	-0.01056 -0.010746 0.511912 0.858906
	joint_orient	0 0 0 1
	bind_pose_matrix
		0.475661 0.879596 0.00764803 0
		-0.879142 0.475669 -0.0291421 0
		-0.0292712 0.00713808 0.999546 0
		0.076031 -0.002674 -0.001752 1
	rotation_order xyz
	inherits_transform 1
	shearing 0 0 0
	rotate_pivot_translate	0 0 0
	scale_pivot_translate	0 0 0
	translate_limit_x -INF +INF
	translate_limit_y -INF +INF
	translate_limit_z -INF +INF
	rotate_limit_x -INF +INF
	rotate_limit_y -INF +INF
	rotate_limit_z -INF +INF
	scale_limit_x -INF +INF
	scale_limit_y -INF +INF
	scale_limit_z -INF +INF
	parent 19
	child_joints 0
	INSTANCE_LIST
	{
	}
	segment_scale_compensate 1
}
JOINT L_Whiskers
{
	id 36
	visible	1
	scale_pivot	0 0 0
	rotate_pivot	0 0 0
	min_bound	0 0 0
	max_bound	0 0 0
	scale	1 1 1
	translate	0.116527 0.042575 0.026527
	rotation_orient	0 0 0 1
	rotation	-0.122788 -0.696363 0.122788 0.696365
	joint_orient	0 0 0 1
	bind_pose_matrix
		3.39746e-06 0.342021 0.939692 0
		-4.91738e-07 0.939692 -0.342021 0
		-0.999999 4.91738e-07 3.39746e-06 0
		0.116527 0.042575 0.026527 1
	rotation_order xyz
	inherits_transform 1
	shearing 0 0 0
	rotate_pivot_translate	0 0 0
	scale_pivot_translate	0 0 0
	translate_limit_x -INF +INF
	translate_limit_y -INF +INF
	translate_limit_z -INF +INF
	rotate_limit_x -INF +INF
	rotate_limit_y -INF +INF
	rotate_limit_z -INF +INF
	scale_limit_x -INF +INF
	scale_limit_y -INF +INF
	scale_limit_z -INF +INF
	parent 27
	child_joints 0
	INSTANCE_LIST
	{
	}
	segment_scale_compensate 1
}
JOINT L__Eyebrow
{
	id 34
	visible	1
	scale_pivot	0 0 0
	rotate_pivot	0 0 0
	min_bound	0 0 0
	max_bound	0 0 0
	scale	1 1 1
	translate	0.089733 -0.034092 0.022774
	rotation_orient	0 0 0 1
	rotation	0.153046 -0.690346 -0.153046 0.690345
	joint_orient	0 0 0 1
	bind_pose_matrix
		-1.43051e-06 -0.422618 0.906308 0
		-3.12924e-07 0.906308 0.422618 0
		-1 3.12924e-07 -1.43051e-06 0
		0.089733 -0.034092 0.022774 1
	rotation_order xyz
	inherits_transform 1
	shearing 0 0 0
	rotate_pivot_translate	0 0 0
	scale_pivot_translate	0 0 0
	translate_limit_x -INF +INF
	translate_limit_y -INF +INF
	translate_limit_z -INF +INF
	rotate_limit_x -INF +INF
	rotate_limit_y -INF +INF
	rotate_limit_z -INF +INF
	scale_limit_x -INF +INF
	scale_limit_y -INF +INF
	scale_limit_z -INF +INF
	parent 27
	child_joints 0
	INSTANCE_LIST
	{
	}
	segment_scale_compensate 1
}
JOINT Master
{
	id 2
	visible	1
	scale_pivot	0 0 0
	rotate_pivot	0 0 0
	min_bound	0 0 0
	max_bound	0 0 0
	scale	1 1 1
	translate	0 0 0
	rotation_orient	0 0 0 1
	rotation	0 0 0 1
	joint_orient	0 0 0 1
	bind_pose_matrix
		1 0 0 0
		0 1 0 0
		0 0 1 0
		0 0 0 1
	rotation_order xyz
	inherits_transform 1
	shearing 0 0 0
	rotate_pivot_translate	0 0 0
	scale_pivot_translate	0 0 0
	translate_limit_x -INF +INF
	translate_limit_y -INF +INF
	translate_limit_z -INF +INF
	rotate_limit_x -INF +INF
	rotate_limit_y -INF +INF
	rotate_limit_z -INF +INF
	scale_limit_x -INF +INF
	scale_limit_y -INF +INF
	scale_limit_z -INF +INF
	parent 1
	child_joints 0
	INSTANCE_LIST
	{
	}
	segment_scale_compensate 1
}
JOINT Neck1
{
	id 25
	visible	1
	scale_pivot	0 0 0
	rotate_pivot	0 0 0
	min_bound	0 0 0
	max_bound	0 0 0
	scale	1 1 1
	translate	0 0 0
	rotation_orient	0 0 0 1
	rotation	0 0 -0.155892 0.987774
	joint_orient	0 0 0 1
	bind_pose_matrix
		0.951395 -0.307972 -0 0
		0.307972 0.951395 0 0
		0 -0 1 0
		0 0 0 1
	rotation_order xyz
	inherits_transform 1
	shearing 0 0 0
	rotate_pivot_translate	0 0 0
	scale_pivot_translate	0 0 0
	translate_limit_x -INF +INF
	translate_limit_y -INF +INF
	translate_limit_z -INF +INF
	rotate_limit_x -INF +INF
	rotate_limit_y -INF +INF
	rotate_limit_z -INF +INF
	scale_limit_x -INF +INF
	scale_limit_y -INF +INF
	scale_limit_z -INF +INF
	parent 16
	child_joints 1
		26 
	INSTANCE_LIST
	{
	}
	segment_scale_compensate 1
}
JOINT Neck2
{
	id 26
	visible	1
	scale_pivot	0 0 0
	rotate_pivot	0 0 0
	min_bound	0 0 0
	max_bound	0 0 0
	scale	1 1 1
	translate	0.116083 0 -0
	rotation_orient	0 0 0 1
	rotation	0 0 -0.159927 0.987129
	joint_orient	0 0 0 1
	bind_pose_matrix
		0.948847 -0.315737 -0 0
		0.315737 0.948847 0 0
		0 -0 1 0
		0.116083 0 -0 1
	rotation_order xyz
	inherits_transform 1
	shearing 0 0 0
	rotate_pivot_translate	0 0 0
	scale_pivot_translate	0 0 0
	translate_limit_x -INF +INF
	translate_limit_y -INF +INF
	translate_limit_z -INF +INF
	rotate_limit_x -INF +INF
	rotate_limit_y -INF +INF
	rotate_limit_z -INF +INF
	scale_limit_x -INF +INF
	scale_limit_y -INF +INF
	scale_limit_z -INF +INF
	parent 25
	child_joints 1
		27 
	INSTANCE_LIST
	{
	}
	segment_scale_compensate 1
}
JOINT Pelvis
{
	id 4
	visible	1
	scale_pivot	0 0 0
	rotate_pivot	0 0 0
	min_bound	0 0 0
	max_bound	0 0 0
	scale	1 1 1
	translate	0 0 0
	rotation_orient	0 0 0 1
	rotation	-0.5 0.5 -0.5 0.5
	joint_orient	0 0 0 1
	bind_pose_matrix
		0 -1 0 0
		0 0 -1 0
		1 0 0 0
		0 0 0 1
	rotation_order xyz
	inherits_transform 1
	shearing 0 0 0
	rotate_pivot_translate	0 0 0
	scale_pivot_translate	0 0 0
	translate_limit_x -INF +INF
	translate_limit_y -INF +INF
	translate_limit_z -INF +INF
	rotate_limit_x -INF +INF
	rotate_limit_y -INF +INF
	rotate_limit_z -INF +INF
	scale_limit_x -INF +INF
	scale_limit_y -INF +INF
	scale_limit_z -INF +INF
	parent 3
	child_joints 4
		5 9 13 44 
	INSTANCE_LIST
	{
	}
	segment_scale_compensate 1
}
JOINT R_B_Leg_1
{
	id 9
	visible	1
	scale_pivot	0 0 0
	rotate_pivot	0 0 0
	min_bound	0 0 0
	max_bound	0 0 0
	scale	1 1 1
	translate	0.002425 -0.008565 -0.085221
	rotation_orient	0 0 0 1
	rotation	-0.682114 -0.728582 0.055828 0.027804
	joint_orient	0 0 0 1
	bind_pose_matrix
		-0.0678971 0.997056 -0.0356471 0
		0.990847 0.0632074 -0.119282 0
		-0.116677 -0.0434196 -0.992223 0
		0.002425 -0.008565 -0.085221 1
	rotation_order xyz
	inherits_transform 1
	shearing 0 0 0
	rotate_pivot_translate	0 0 0
	scale_pivot_translate	0 0 0
	translate_limit_x -INF +INF
	translate_limit_y -INF +INF
	translate_limit_z -INF +INF
	rotate_limit_x -INF +INF
	rotate_limit_y -INF +INF
	rotate_limit_z -INF +INF
	scale_limit_x -INF +INF
	scale_limit_y -INF +INF
	scale_limit_z -INF +INF
	parent 4
	child_joints 1
		10 
	INSTANCE_LIST
	{
	}
	segment_scale_compensate 1
}
JOINT R_B_Leg_2
{
	id 10
	visible	1
	scale_pivot	0 0 0
	rotate_pivot	0 0 0
	min_bound	0 0 0
	max_bound	0 0 0
	scale	1 1 1
	translate	0.162674 0 -0
	rotation_orient	0 0 0 1
	rotation	-0.04498 0.028372 -0.349935 0.935263
	joint_orient	0 0 0 1
	bind_pose_matrix
		0.753481 -0.657115 -0.0215904 0
		0.65201 0.751045 -0.103993 0
		0.0845507 0.0642795 0.994344 0
		0.162674 0 -0 1
	rotation_order xyz
	inherits_transform 1
	shearing 0 0 0
	rotate_pivot_translate	0 0 0
	scale_pivot_translate	0 0 0
	translate_limit_x -INF +INF
	translate_limit_y -INF +INF
	translate_limit_z -INF +INF
	rotate_limit_x -INF +INF
	rotate_limit_y -INF +INF
	rotate_limit_z -INF +INF
	scale_limit_x -INF +INF
	scale_limit_y -INF +INF
	scale_limit_z -INF +INF
	parent 9
	child_joints 1
		11 
	INSTANCE_LIST
	{
	}
	segment_scale_compensate 1
}
JOINT R_B_Leg_Ankle
{
	id 11
	visible	1
	scale_pivot	0 0 0
	rotate_pivot	0 0 0
	min_bound	0 0 0
	max_bound	0 0 0
	scale	1 1 1
	translate	0.127589 0 0
	rotation_orient	0 0 0 1
	rotation	0.011178 -0.014125 0.512715 0.85837
	joint_orient	0 0 0 1
	bind_pose_matrix
		0.473848 0.879883 0.0357112 0
		-0.880514 0.473997 0.00470552 0
		-0.0127867 -0.0336739 0.999351 0
		0.127589 0 0 1
	rotation_order xyz
	inherits_transform 1
	shearing 0 0 0
	rotate_pivot_translate	0 0 0
	scale_pivot_translate	0 0 0
	translate_limit_x -INF +INF
	translate_limit_y -INF +INF
	translate_limit_z -INF +INF
	rotate_limit_x -INF +INF
	rotate_limit_y -INF +INF
	rotate_limit_z -INF +INF
	scale_limit_x -INF +INF
	scale_limit_y -INF +INF
	scale_limit_z -INF +INF
	parent 10
	child_joints 1
		12 
	INSTANCE_LIST
	{
	}
	segment_scale_compensate 1
}
JOINT R_B_Leg_Finger11
{
	id 12
	visible	1
	scale_pivot	0 0 0
	rotate_pivot	0 0 0
	min_bound	0 0 0
	max_bound	0 0 0
	scale	1 1 1
	translate	0.127026 0.015417 0.001203
	rotation_orient	0 0 0 1
	rotation	-0.026733 0.025695 0.594061 0.803565
	joint_orient	0 0 0 1
	bind_pose_matrix
		0.292863 0.953359 -0.0730573 0
		-0.956107 0.292754 -0.0124346 0
		0.00953314 0.0734922 0.99725 0
		0.127026 0.015417 0.001203 1
	rotation_order xyz
	inherits_transform 1
	shearing 0 0 0
	rotate_pivot_translate	0 0 0
	scale_pivot_translate	0 0 0
	translate_limit_x -INF +INF
	translate_limit_y -INF +INF
	translate_limit_z -INF +INF
	rotate_limit_x -INF +INF
	rotate_limit_y -INF +INF
	rotate_limit_z -INF +INF
	scale_limit_x -INF +INF
	scale_limit_y -INF +INF
	scale_limit_z -INF +INF
	parent 11
	child_joints 0
	INSTANCE_LIST
	{
	}
	segment_scale_compensate 1
}
JOINT R_Ear
{
	id 33
	visible	1
	scale_pivot	0 0 0
	rotate_pivot	0 0 0
	min_bound	0 0 0
	max_bound	0 0 0
	scale	1 1 1
	translate	0.007713 -0.058939 -0.047179
	rotation_orient	0 0 0 1
	rotation	-0.7286 0.568063 0.230613 0.305392
	joint_orient	0 0 0 1
	bind_pose_matrix
		0.248244 -0.686927 -0.683013 0
		-0.968636 -0.168081 -0.183012 0
		0.0109145 0.707023 -0.707107 0
		0.007713 -0.058939 -0.047179 1
	rotation_order xyz
	inherits_transform 1
	shearing 0 0 0
	rotate_pivot_translate	0 0 0
	scale_pivot_translate	0 0 0
	translate_limit_x -INF +INF
	translate_limit_y -INF +INF
	translate_limit_z -INF +INF
	rotate_limit_x -INF +INF
	rotate_limit_y -INF +INF
	rotate_limit_z -INF +INF
	scale_limit_x -INF +INF
	scale_limit_y -INF +INF
	scale_limit_z -INF +INF
	parent 27
	child_joints 0
	INSTANCE_LIST
	{
	}
	segment_scale_compensate 1
}
JOINT R_Eye
{
	id 39
	visible	1
	scale_pivot	0 0 0
	rotate_pivot	0 0 0
	min_bound	0 0 0
	max_bound	0 0 0
	scale	1 1 1
	translate	0.076021 -0.00338 -0.02894
	rotation_orient	0 0 0 1
	rotation	0 0.130526 0 0.991445
	joint_orient	0 0 0 1
	bind_pose_matrix
		0.965926 0 -0.258819 0
		0 1 0 0
		0.258819 0 0.965926 0
		0.076021 -0.00338 -0.02894 1
	rotation_order xyz
	inherits_transform 1
	shearing 0 0 0
	rotate_pivot_translate	0 0 0
	scale_pivot_translate	0 0 0
	translate_limit_x -INF +INF
	translate_limit_y -INF +INF
	translate_limit_z -INF +INF
	rotate_limit_x -INF +INF
	rotate_limit_y -INF +INF
	rotate_limit_z -INF +INF
	scale_limit_x -INF +INF
	scale_limit_y -INF +INF
	scale_limit_z -INF +INF
	parent 27
	child_joints 0
	INSTANCE_LIST
	{
	}
	segment_scale_compensate 1
}
JOINT R_Eyebrow
{
	id 35
	visible	1
	scale_pivot	0 0 0
	rotate_pivot	0 0 0
	min_bound	0 0 0
	max_bound	0 0 0
	scale	1 1 1
	translate	0.089733 -0.034092 -0.022774
	rotation_orient	0 0 0 1
	rotation	-0.153046 0.690345 -0.153046 0.690346
	joint_orient	0 0 0 1
	bind_pose_matrix
		1.43051e-06 -0.422618 -0.906308 0
		3.12924e-07 0.906308 -0.422618 0
		1 3.12924e-07 1.43051e-06 0
		0.089733 -0.034092 -0.022774 1
	rotation_order xyz
	inherits_transform 1
	shearing 0 0 0
	rotate_pivot_translate	0 0 0
	scale_pivot_translate	0 0 0
	translate_limit_x -INF +INF
	translate_limit_y -INF +INF
	translate_limit_z -INF +INF
	rotate_limit_x -INF +INF
	rotate_limit_y -INF +INF
	rotate_limit_z -INF +INF
	scale_limit_x -INF +INF
	scale_limit_y -INF +INF
	scale_limit_z -INF +INF
	parent 27
	child_joints 0
	INSTANCE_LIST
	{
	}
	segment_scale_compensate 1
}
JOINT R_EyelidtheLo
{
	id 42
	visible	1
	scale_pivot	0 0 0
	rotate_pivot	0 0 0
	min_bound	0 0 0
	max_bound	0 0 0
	scale	1 1 1
	translate	0.076021 -0.00338 -0.02894
	rotation_orient	0 0 0 1
	rotation	-0.109561 0.316499 0.228025 0.914237
	joint_orient	0 0 0 1
	bind_pose_matrix
		0.695666 0.347586 -0.628675 0
		-0.48629 0.872002 -0.0559901 0
		0.528745 0.344669 0.77565 0
		0.076021 -0.00338 -0.02894 1
	rotation_order xyz
	inherits_transform 1
	shearing 0 0 0
	rotate_pivot_translate	0 0 0
	scale_pivot_translate	0 0 0
	translate_limit_x -INF +INF
	translate_limit_y -INF +INF
	translate_limit_z -INF +INF
	rotate_limit_x -INF +INF
	rotate_limit_y -INF +INF
	rotate_limit_z -INF +INF
	scale_limit_x -INF +INF
	scale_limit_y -INF +INF
	scale_limit_z -INF +INF
	parent 27
	child_joints 0
	INSTANCE_LIST
	{
	}
	segment_scale_compensate 1
}
JOINT R_EyelidtheUp
{
	id 41
	visible	1
	scale_pivot	0 0 0
	rotate_pivot	0 0 0
	min_bound	0 0 0
	max_bound	0 0 0
	scale	1 1 1
	translate	0.076021 -0.00338 -0.02894
	rotation_orient	0 0 0 1
	rotation	-0.243324 0.230149 -0.219887 0.916228
	joint_orient	0 0 0 1
	bind_pose_matrix
		0.797362 -0.514935 -0.31473 0
		0.290932 0.784886 -0.547094 0
		0.528745 0.344667 0.77565 0
		0.076021 -0.00338 -0.02894 1
	rotation_order xyz
	inherits_transform 1
	shearing 0 0 0
	rotate_pivot_translate	0 0 0
	scale_pivot_translate	0 0 0
	translate_limit_x -INF +INF
	translate_limit_y -INF +INF
	translate_limit_z -INF +INF
	rotate_limit_x -INF +INF
	rotate_limit_y -INF +INF
	rotate_limit_z -INF +INF
	scale_limit_x -INF +INF
	scale_limit_y -INF +INF
	scale_limit_z -INF +INF
	parent 27
	child_joints 0
	INSTANCE_LIST
	{
	}
	segment_scale_compensate 1
}
JOINT R_F_Leg_1
{
	id 21
	visible	1
	scale_pivot	0 0 0
	rotate_pivot	0 0 0
	min_bound	0 0 0
	max_bound	0 0 0
	scale	1 1 1
	translate	0.009054 -0.025057 -0.099535
	rotation_orient	0 0 0 1
	rotation	-0.548878 -0.83564 -0.008927 0.018926
	joint_orient	0 0 0 1
	bind_pose_matrix
		-0.396748 0.916991 0.0414303 0
		0.917667 0.397306 -0.00585661 0
		-0.021831 0.0356956 -0.999123 0
		0.009054 -0.025057 -0.099535 1
	rotation_order xyz
	inherits_transform 1
	shearing 0 0 0
	rotate_pivot_translate	0 0 0
	scale_pivot_translate	0 0 0
	translate_limit_x -INF +INF
	translate_limit_y -INF +INF
	translate_limit_z -INF +INF
	rotate_limit_x -INF +INF
	rotate_limit_y -INF +INF
	rotate_limit_z -INF +INF
	scale_limit_x -INF +INF
	scale_limit_y -INF +INF
	scale_limit_z -INF +INF
	parent 16
	child_joints 1
		22 
	INSTANCE_LIST
	{
	}
	segment_scale_compensate 1
}
JOINT R_F_Leg_2
{
	id 22
	visible	1
	scale_pivot	0 0 0
	rotate_pivot	0 0 0
	min_bound	0 0 0
	max_bound	0 0 0
	scale	1 1 1
	translate	0.176536 -0 -0
	rotation_orient	0 0 0 1
	rotation	0.009771 0.009476 0.062087 0.997978
	joint_orient	0 0 0 1
	bind_pose_matrix
		0.992111 0.124108 -0.0177004 0
		-0.123738 0.992099 0.0206792 0
		0.020127 -0.0183258 0.999629 0
		0.176536 -0 -0 1
	rotation_order xyz
	inherits_transform 1
	shearing 0 0 0
	rotate_pivot_translate	0 0 0
	scale_pivot_translate	0 0 0
	translate_limit_x -INF +INF
	translate_limit_y -INF +INF
	translate_limit_z -INF +INF
	rotate_limit_x -INF +INF
	rotate_limit_y -INF +INF
	rotate_limit_z -INF +INF
	scale_limit_x -INF +INF
	scale_limit_y -INF +INF
	scale_limit_z -INF +INF
	parent 21
	child_joints 1
		23 
	INSTANCE_LIST
	{
	}
	segment_scale_compensate 1
}
JOINT R_F_Leg_Ankle
{
	id 23
	visible	1
	scale_pivot	0 0 0
	rotate_pivot	0 0 0
	min_bound	0 0 0
	max_bound	0 0 0
	scale	1 1 1
	translate	0.145822 -0 0
	rotation_orient	0 0 0 1
	rotation	-0.022027 -0.039998 0.214303 0.975699
	joint_orient	0 0 0 1
	bind_pose_matrix
		0.904949 0.419953 0.0686111 0
		-0.416428 0.907178 -0.0601268 0
		-0.0874929 0.0258401 0.99583 0
		0.145822 -0 0 1
	rotation_order xyz
	inherits_transform 1
	shearing 0 0 0
	rotate_pivot_translate	0 0 0
	scale_pivot_translate	0 0 0
	translate_limit_x -INF +INF
	translate_limit_y -INF +INF
	translate_limit_z -INF +INF
	rotate_limit_x -INF +INF
	rotate_limit_y -INF +INF
	rotate_limit_z -INF +INF
	scale_limit_x -INF +INF
	scale_limit_y -INF +INF
	scale_limit_z -INF +INF
	parent 22
	child_joints 1
		24 
	INSTANCE_LIST
	{
	}
	segment_scale_compensate 1
}
JOINT R_F_Leg_Finger11
{
	id 24
	visible	1
	scale_pivot	0 0 0
	rotate_pivot	0 0 0
	min_bound	0 0 0
	max_bound	0 0 0
	scale	1 1 1
	translate	0.076031 -0.002674 0.001752
	rotation_orient	0 0 0 1
	rotation	0.010543 0.01071 0.511705 0.85903
	joint_orient	0 0 0 1
	bind_pose_matrix
		0.476087 0.879366 -0.00761061 0
		-0.878914 0.476094 0.0290742 0
		0.0291902 -0.00715279 0.999548 0
		0.076031 -0.002674 0.001752 1
	rotation_order xyz
	inherits_transform 1
	shearing 0 0 0
	rotate_pivot_translate	0 0 0
	scale_pivot_translate	0 0 0
	translate_limit_x -INF +INF
	translate_limit_y -INF +INF
	translate_limit_z -INF +INF
	rotate_limit_x -INF +INF
	rotate_limit_y -INF +INF
	rotate_limit_z -INF +INF
	scale_limit_x -INF +INF
	scale_limit_y -INF +INF
	scale_limit_z -INF +INF
	parent 23
	child_joints 0
	INSTANCE_LIST
	{
	}
	segment_scale_compensate 1
}
JOINT R_Whiskers
{
	id 37
	visible	1
	scale_pivot	0 0 0
	rotate_pivot	0 0 0
	min_bound	0 0 0
	max_bound	0 0 0
	scale	1 1 1
	translate	0.116527 0.042575 -0.026527
	rotation_orient	0 0 0 1
	rotation	0.122788 0.696363 0.122788 0.696365
	joint_orient	0 0 0 1
	bind_pose_matrix
		3.39746e-06 0.342021 -0.939692 0
		-4.91738e-07 0.939692 0.342021 0
		0.999999 -4.91738e-07 3.39746e-06 0
		0.116527 0.042575 -0.026527 1
	rotation_order xyz
	inherits_transform 1
	shearing 0 0 0
	rotate_pivot_translate	0 0 0
	scale_pivot_translate	0 0 0
	translate_limit_x -INF +INF
	translate_limit_y -INF +INF
	translate_limit_z -INF +INF
	rotate_limit_x -INF +INF
	rotate_limit_y -INF +INF
	rotate_limit_z -INF +INF
	scale_limit_x -INF +INF
	scale_limit_y -INF +INF
	scale_limit_z -INF +INF
	parent 27
	child_joints 0
	INSTANCE_LIST
	{
	}
	segment_scale_compensate 1
}
JOINT Root
{
	id 3
	visible	1
	scale_pivot	0 0 0
	rotate_pivot	0 0 0
	min_bound	0 0 0
	max_bound	0 0 0
	scale	1 1 1
	translate	0 0.099112 0.377208
	rotation_orient	0 0 0 1
	rotation	0 0 0 1
	joint_orient	0 0 0 1
	bind_pose_matrix
		1 0 0 0
		0 1 0 0
		0 0 1 0
		0 0.099112 0.377208 1
	rotation_order xyz
	inherits_transform 1
	shearing 0 0 0
	rotate_pivot_translate	0 0 0
	scale_pivot_translate	0 0 0
	translate_limit_x -INF +INF
	translate_limit_y -INF +INF
	translate_limit_z -INF +INF
	rotate_limit_x -INF +INF
	rotate_limit_y -INF +INF
	rotate_limit_z -INF +INF
	scale_limit_x -INF +INF
	scale_limit_y -INF +INF
	scale_limit_z -INF +INF
	parent 1
	child_joints 1
		4 
	INSTANCE_LIST
	{
	}
	segment_scale_compensate 1
}
JOINT Spine1
{
	id 13
	visible	1
	scale_pivot	0 0 0
	rotate_pivot	0 0 0
	min_bound	0 0 0
	max_bound	0 0 0
	scale	1 1 1
	translate	0 0 0
	rotation_orient	0 0 0 1
	rotation	0 0 0.076535 0.997067
	joint_orient	0 0 0 1
	bind_pose_matrix
		0.988285 0.152621 0 0
		-0.152621 0.988285 0 0
		0 0 1 0
		0 0 0 1
	rotation_order xyz
	inherits_transform 1
	shearing 0 0 0
	rotate_pivot_translate	0 0 0
	scale_pivot_translate	0 0 0
	translate_limit_x -INF +INF
	translate_limit_y -INF +INF
	translate_limit_z -INF +INF
	rotate_limit_x -INF +INF
	rotate_limit_y -INF +INF
	rotate_limit_z -INF +INF
	scale_limit_x -INF +INF
	scale_limit_y -INF +INF
	scale_limit_z -INF +INF
	parent 4
	child_joints 1
		14 
	INSTANCE_LIST
	{
	}
	segment_scale_compensate 1
}
JOINT Spine2
{
	id 14
	visible	1
	scale_pivot	0 0 0
	rotate_pivot	0 0 0
	min_bound	0 0 0
	max_bound	0 0 0
	scale	1 1 1
	translate	0.13359 0 0
	rotation_orient	0 0 0 1
	rotation	0 0 -0.079205 0.996858
	joint_orient	0 0 0 1
	bind_pose_matrix
		0.987453 -0.157912 -0 0
		0.157912 0.987453 0 0
		0 -0 1 0
		0.13359 0 0 1
	rotation_order xyz
	inherits_transform 1
	shearing 0 0 0
	rotate_pivot_translate	0 0 0
	scale_pivot_translate	0 0 0
	translate_limit_x -INF +INF
	translate_limit_y -INF +INF
	translate_limit_z -INF +INF
	rotate_limit_x -INF +INF
	rotate_limit_y -INF +INF
	rotate_limit_z -INF +INF
	scale_limit_x -INF +INF
	scale_limit_y -INF +INF
	scale_limit_z -INF +INF
	parent 13
	child_joints 1
		15 
	INSTANCE_LIST
	{
	}
	segment_scale_compensate 1
}
JOINT Spine3
{
	id 15
	visible	1
	scale_pivot	0 0 0
	rotate_pivot	0 0 0
	min_bound	0 0 0
	max_bound	0 0 0
	scale	1 1 1
	translate	0.132249 0 -0
	rotation_orient	0 0 0 1
	rotation	0 0 -0.099109 0.995077
	joint_orient	0 0 0 1
	bind_pose_matrix
		0.980355 -0.197242 -0 0
		0.197242 0.980355 0 0
		0 -0 1 0
		0.132249 0 -0 1
	rotation_order xyz
	inherits_transform 1
	shearing 0 0 0
	rotate_pivot_translate	0 0 0
	scale_pivot_translate	0 0 0
	translate_limit_x -INF +INF
	translate_limit_y -INF +INF
	translate_limit_z -INF +INF
	rotate_limit_x -INF +INF
	rotate_limit_y -INF +INF
	rotate_limit_z -INF +INF
	scale_limit_x -INF +INF
	scale_limit_y -INF +INF
	scale_limit_z -INF +INF
	parent 14
	child_joints 1
		16 
	INSTANCE_LIST
	{
	}
	segment_scale_compensate 1
}
JOINT Spine4
{
	id 16
	visible	1
	scale_pivot	0 0 0
	rotate_pivot	0 0 0
	min_bound	0 0 0
	max_bound	0 0 0
	scale	1 1 1
	translate	0.132397 0 -0
	rotation_orient	0 0 0 1
	rotation	0 0 -0.072519 0.997367
	joint_orient	0 0 0 1
	bind_pose_matrix
		0.989482 -0.144656 -0 0
		0.144656 0.989482 0 0
		0 -0 1 0
		0.132397 0 -0 1
	rotation_order xyz
	inherits_transform 1
	shearing 0 0 0
	rotate_pivot_translate	0 0 0
	scale_pivot_translate	0 0 0
	translate_limit_x -INF +INF
	translate_limit_y -INF +INF
	translate_limit_z -INF +INF
	rotate_limit_x -INF +INF
	rotate_limit_y -INF +INF
	rotate_limit_z -INF +INF
	scale_limit_x -INF +INF
	scale_limit_y -INF +INF
	scale_limit_z -INF +INF
	parent 15
	child_joints 3
		17 21 25 
	INSTANCE_LIST
	{
	}
	segment_scale_compensate 1
}
JOINT Tail1
{
	id 44
	visible	1
	scale_pivot	0 0 0
	rotate_pivot	0 0 0
	min_bound	0 0 0
	max_bound	0 0 0
	scale	1 1 1
	translate	-0.112907 -0.041095 0
	rotation_orient	0 0 0 1
	rotation	0 0 0.999048 0.043619
	joint_orient	0 0 0 1
	bind_pose_matrix
		-0.996194 0.0871549 0 0
		-0.0871549 -0.996194 0 0
		0 0 1 0
		-0.112907 -0.041095 0 1
	rotation_order xyz
	inherits_transform 1
	shearing 0 0 0
	rotate_pivot_translate	0 0 0
	scale_pivot_translate	0 0 0
	translate_limit_x -INF +INF
	translate_limit_y -INF +INF
	translate_limit_z -INF +INF
	rotate_limit_x -INF +INF
	rotate_limit_y -INF +INF
	rotate_limit_z -INF +INF
	scale_limit_x -INF +INF
	scale_limit_y -INF +INF
	scale_limit_z -INF +INF
	parent 4
	child_joints 1
		45 
	INSTANCE_LIST
	{
	}
	segment_scale_compensate 1
}
JOINT Tail2
{
	id 45
	visible	1
	scale_pivot	0 0 0
	rotate_pivot	0 0 0
	min_bound	0 0 0
	max_bound	0 0 0
	scale	1 1 1
	translate	0.091815 -0 0
	rotation_orient	0 0 0 1
	rotation	0 0 -0.043619 0.999048
	joint_orient	0 0 0 1
	bind_pose_matrix
		0.996195 -0.0871549 -0 0
		0.0871549 0.996195 0 0
		0 -0 1 0
		0.091815 -0 0 1
	rotation_order xyz
	inherits_transform 1
	shearing 0 0 0
	rotate_pivot_translate	0 0 0
	scale_pivot_translate	0 0 0
	translate_limit_x -INF +INF
	translate_limit_y -INF +INF
	translate_limit_z -INF +INF
	rotate_limit_x -INF +INF
	rotate_limit_y -INF +INF
	rotate_limit_z -INF +INF
	scale_limit_x -INF +INF
	scale_limit_y -INF +INF
	scale_limit_z -INF +INF
	parent 44
	child_joints 1
		46 
	INSTANCE_LIST
	{
	}
	segment_scale_compensate 1
}
JOINT Tail3
{
	id 46
	visible	1
	scale_pivot	0 0 0
	rotate_pivot	0 0 0
	min_bound	0 0 0
	max_bound	0 0 0
	scale	1 1 1
	translate	0.145745 -0 0
	rotation_orient	0 0 0 1
	rotation	0 0 0.087156 0.996195
	joint_orient	0 0 0 1
	bind_pose_matrix
		0.984808 0.173649 0 0
		-0.173649 0.984808 0 0
		0 0 1 0
		0.145745 -0 0 1
	rotation_order xyz
	inherits_transform 1
	shearing 0 0 0
	rotate_pivot_translate	0 0 0
	scale_pivot_translate	0 0 0
	translate_limit_x -INF +INF
	translate_limit_y -INF +INF
	translate_limit_z -INF +INF
	rotate_limit_x -INF +INF
	rotate_limit_y -INF +INF
	rotate_limit_z -INF +INF
	scale_limit_x -INF +INF
	scale_limit_y -INF +INF
	scale_limit_z -INF +INF
	parent 45
	child_joints 1
		47 
	INSTANCE_LIST
	{
	}
	segment_scale_compensate 1
}
JOINT Tail4
{
	id 47
	visible	1
	scale_pivot	0 0 0
	rotate_pivot	0 0 0
	min_bound	0 0 0
	max_bound	0 0 0
	scale	1 1 1
	translate	0.175935 0 -0
	rotation_orient	0 0 0 1
	rotation	0 0 0.043619 0.999048
	joint_orient	0 0 0 1
	bind_pose_matrix
		0.996195 0.0871549 0 0
		-0.0871549 0.996195 0 0
		0 0 1 0
		0.175935 0 -0 1
	rotation_order xyz
	inherits_transform 1
	shearing 0 0 0
	rotate_pivot_translate	0 0 0
	scale_pivot_translate	0 0 0
	translate_limit_x -INF +INF
	translate_limit_y -INF +INF
	translate_limit_z -INF +INF
	rotate_limit_x -INF +INF
	rotate_limit_y -INF +INF
	rotate_limit_z -INF +INF
	scale_limit_x -INF +INF
	scale_limit_y -INF +INF
	scale_limit_z -INF +INF
	parent 46
	child_joints 0
	INSTANCE_LIST
	{
	}
	segment_scale_compensate 1
}
JOINT Tange01
{
	id 29
	visible	1
	scale_pivot	0 0 0
	rotate_pivot	0 0 0
	min_bound	0 0 0
	max_bound	0 0 0
	scale	1 1 1
	translate	-0.030119 0.011432 -0
	rotation_orient	0 0 0 1
	rotation	0 0 -0.182168 0.983267
	joint_orient	0 0 0 1
	bind_pose_matrix
		0.93363 -0.35824 -0 0
		0.35824 0.93363 0 0
		0 -0 1 0
		-0.030119 0.011432 -0 1
	rotation_order xyz
	inherits_transform 1
	shearing 0 0 0
	rotate_pivot_translate	0 0 0
	scale_pivot_translate	0 0 0
	translate_limit_x -INF +INF
	translate_limit_y -INF +INF
	translate_limit_z -INF +INF
	rotate_limit_x -INF +INF
	rotate_limit_y -INF +INF
	rotate_limit_z -INF +INF
	scale_limit_x -INF +INF
	scale_limit_y -INF +INF
	scale_limit_z -INF +INF
	parent 28
	child_joints 1
		30 
	INSTANCE_LIST
	{
	}
	segment_scale_compensate 1
}
JOINT Tange02
{
	id 30
	visible	1
	scale_pivot	0 0 0
	rotate_pivot	0 0 0
	min_bound	0 0 0
	max_bound	0 0 0
	scale	1 1 1
	translate	0.044847 0 0
	rotation_orient	0 0 0 1
	rotation	0 0 0 1
	joint_orient	0 0 0 1
	bind_pose_matrix
		1 0 0 0
		0 1 0 0
		0 0 1 0
		0.044847 0 0 1
	rotation_order xyz
	inherits_transform 1
	shearing 0 0 0
	rotate_pivot_translate	0 0 0
	scale_pivot_translate	0 0 0
	translate_limit_x -INF +INF
	translate_limit_y -INF +INF
	translate_limit_z -INF +INF
	rotate_limit_x -INF +INF
	rotate_limit_y -INF +INF
	rotate_limit_z -INF +INF
	scale_limit_x -INF +INF
	scale_limit_y -INF +INF
	scale_limit_z -INF +INF
	parent 29
	child_joints 1
		31 
	INSTANCE_LIST
	{
	}
	segment_scale_compensate 1
}
JOINT Tange03
{
	id 31
	visible	1
	scale_pivot	0 0 0
	rotate_pivot	0 0 0
	min_bound	0 0 0
	max_bound	0 0 0
	scale	1 1 1
	translate	0.045077 -0 -0
	rotation_orient	0 0 0 1
	rotation	0 0 0 1
	joint_orient	0 0 0 1
	bind_pose_matrix
		1 0 0 0
		0 1 0 0
		0 0 1 0
		0.045077 -0 -0 1
	rotation_order xyz
	inherits_transform 1
	shearing 0 0 0
	rotate_pivot_translate	0 0 0
	scale_pivot_translate	0 0 0
	translate_limit_x -INF +INF
	translate_limit_y -INF +INF
	translate_limit_z -INF +INF
	rotate_limit_x -INF +INF
	rotate_limit_y -INF +INF
	rotate_limit_z -INF +INF
	scale_limit_x -INF +INF
	scale_limit_y -INF +INF
	scale_limit_z -INF +INF
	parent 30
	child_joints 0
	INSTANCE_LIST
	{
	}
	segment_scale_compensate 1
}
ANIM_CYCLE "untitled"
{
	num_bones 47
	start 0
	end 300
	num_frames 300
	fps 30
	BONE_ANIM 1
	{
		4.29153e-06 -6.25849e-06 -6.49691e-06 1	-6.10948e-07 8.75443e-07 -8.64267e-07	1 1 1
		4.29153e-06 -6.25849e-06 -6.49691e-06 1	-6.10948e-07 8.75443e-07 -8.64267e-07	1 1 1
		4.29153e-06 -6.25849e-06 -6.49691e-06 1	-6.10948e-07 8.75443e-07 -8.64267e-07	1 1 1
		4.29153e-06 -6.25849e-06 -6.49691e-06 1	-6.10948e-07 8.75443e-07 -8.64267e-07	1 1 1
		4.29153e-06 -6.25849e-06 -6.49691e-06 1	-6.10948e-07 8.75443e-07 -8.64267e-07	1 1 1
		4.29153e-06 -6.25849e-06 -6.49691e-06 1	-6.10948e-07 8.75443e-07 -8.64267e-07	1 1 1
		4.29153e-06 -6.25849e-06 -6.49691e-06 1	-6.10948e-07 8.75443e-07 -8.64267e-07	1 1 1
		4.29153e-06 -6.25849e-06 -6.49691e-06 1	-6.10948e-07 8.75443e-07 -8.64267e-07	1 1 1
		4.29153e-06 -6.25849e-06 -6.49691e-06 1	-6.10948e-07 8.75443e-07 -8.64267e-07	1 1 1
		4.29153e-06 -6.25849e-06 -6.49691e-06 1	-6.10948e-07 8.75443e-07 -8.64267e-07	1 1 1
		4.29153e-06 -6.25849e-06 -6.49691e-06 1	-6.10948e-07 8.75443e-07 -8.64267e-07	1 1 1
		4.29153e-06 -6.25849e-06 -6.49691e-06 1	-6.10948e-07 8.75443e-07 -8.64267e-07	1 1 1
		4.29153e-06 -6.25849e-06 -6.49691e-06 1	-6.10948e-07 8.75443e-07 -8.64267e-07	1 1 1
		4.29153e-06 -6.25849e-06 -6.49691e-06 1	-6.10948e-07 8.75443e-07 -8.64267e-07	1 1 1
		4.29153e-06 -6.25849e-06 -6.49691e-06 1	-6.10948e-07 8.75443e-07 -8.64267e-07	1 1 1
		4.29153e-06 -6.25849e-06 -6.49691e-06 1	-6.10948e-07 8.75443e-07 -8.64267e-07	1 1 1
		4.29153e-06 -6.25849e-06 -6.49691e-06 1	-6.10948e-07 8.75443e-07 -8.64267e-07	1 1 1
		4.29153e-06 -6.25849e-06 -6.49691e-06 1	-6.10948e-07 8.75443e-07 -8.64267e-07	1 1 1
		4.29153e-06 -6.25849e-06 -6.49691e-06 1	-6.10948e-07 8.75443e-07 -8.64267e-07	1 1 1
		4.29153e-06 -6.25849e-06 -6.49691e-06 1	-6.10948e-07 8.75443e-07 -8.64267e-07	1 1 1
		4.29153e-06 -6.25849e-06 -6.49691e-06 1	-6.10948e-07 8.75443e-07 -8.64267e-07	1 1 1
		4.29153e-06 -6.25849e-06 -6.49691e-06 1	-6.10948e-07 8.75443e-07 -8.64267e-07	1 1 1
		4.29153e-06 -6.25849e-06 -6.49691e-06 1	-6.10948e-07 8.75443e-07 -8.64267e-07	1 1 1
		4.29153e-06 -6.25849e-06 -6.49691e-06 1	-6.10948e-07 8.75443e-07 -8.64267e-07	1 1 1
